320 509 786
713 543 43
793 312 761
114 52 135
930 369 755
740 893 135
599 414 94
93 88 451
356 969 109
707 651 539
63 615 163
994 169 263
335 198 411
628 552 497
432 515 966
652 95 879
803 185 608
910 695 732
475 658 614
501 751 606
407 944 233
244 767 306
435 355 855
136 775 457
723 261 285
921 452 83
60 78 712
494 138 507
13 759 357
132 466 995
80 137 983
20 970 387
368 882 96
581 869 826
421 0 856
980 910 354
961 441 372
653 86 750
57 337 761
788 769 482
882 168 289
692 157 426
410 458 374
278 829 553
965 796 89
835 12 971
301 314 903
34 647 30
531 611 461
200 100 743
709 543 529
290 138 354
231 782 958
173 963 29
59 266 640
339 161 634
570 435 170
166 474 725
61 43 84
235 885 623
375 426 18
103 885 806
291 343 86
524 823 264
711 125 561
916 859 733
200 419 145
669 719 129
635 465 558
848 398 493
849 220 720
661 257 322
174 744 902
467 20 83
403 639 441
423 129 358
795 555 249
513 16 250
353 572 37
272 317 728
807 13 521
845 100 257
842 169 661
514 624 458
626 525 49
144 414 710
143 968 550
347 45 597
725 258 351
807 467 838
502 490 234
451 27 389
140 695 286
99 241 466
640 718 974
572 423 356
600 25 119
489 716 732
890 285 599
195 174 383
